0000000000000000000000000011111111111111011111110011111100000000000001111101111101011111111001101111110011
0000000000000000000000000011111111111111111111111111111100000000000001111111111111111111111111101111100111
0000000000000000000000111111111111111111111111111111111100000000000001111111111111111111111111111110001111
0000000000000000000001111111111111111111111111111111111100000000000001111111111111111111111111100000111110
0000000000000000000001111111111111111111111111111111111100000000000001111111111111111111111110001111111110
0000000000000000000011111111111111111111111111111111111100000000000001111111111111111111100000111111111111
0000000000000000000000000000000000000011111111111111111100000000000001111111111111111111001111111111111110
0000001111111111111000000000000000000011111111111111111100000000000001111111111111111110011111111111111111
0000001111111111111000000000000000000011111111111111111100000000000001111111111111111100111111111111111110
0000111111111111111000000000000000000011111111111111111111111111111111111111111111111111111111111111111111
0000000000001111111000000000000000000011111111111111111111111111111111111111111111111111111111111111111101
0000000000001111111000000000000000000011111111111111111111111111111111111111111111111111111111111111111110
0010000000001111111000000000000000000011111111111111111111111111111111111111111111111111111111111111111111
0010000000001111111000000000000000000011111111111111111111111111111111111111111111111111111111111111111111
0011111111111111111111111111111111111111111111111111111111111111111111111111111111111111111111111111111111
0011111111111111111111111111111111111111111111111111111111111111111111111111111111111111111111111111111110
0011111111111111111111111111111111111111111111111111111111111111111111111111111111111111111111111111111110
0011111111111111111111111111111111111111111111111111111111111111111111111111111111111111111111111111111110
0000000001111111111111111111111111111111111111111111111111111111111111111111111111111111111111111111111111
0000000001111111111111111111111111111111111111111111111111111111111111111111111110000000000000000000000000
0000000000111111111111111111111111111111111111111111111111111111111111111111111111111111111111111111111110
0000000000111111101011111111111111111111111111111111111111111111111111111111111111111111111111111111111110
0000000000011111101011111111111111111111111111111111111111111111111111111111111111111111111111111111111110
0000000000011111101011111111111111111111111111111111111111111111111111111111111111111111111111111111111110
0000000000011111101011111111111111111111111111111111111111111111111111111111111111111111111111111111111110
0000000000001111101011111111111111111111111111111111111111111111111111111111111111111111111111111111111110
0000000000001111101011111111111111111111111111111111111111111111111111111111111111111111111111111111111111
0000000000001111101011111111111111111111111111111111111111111111111111111111111000000000000001111111111110
0000000000001111101011111111111111111111111111111111111111111111111111111111111000000000000001111111111110
0000000000000111101011111111111111111111111111111111111111111111111111111111111000000000000001111111111110
0000000000000111101011111111111111111111111111111111111111111111111111111111111000000000000001111111111110
0000000000000000000000000001111111111111111111111111111111111111111111111111111000000000000001100000000000
0000000000000000000000000001111111111111111111111111111111111111111111111111111000000000000001100000000000
0000000000000000000000000000111111111111111111111111111111111111111111111111111000000000000000000000000000
0000000000000000000000000000011111111111111111111111111111111111111111111111111111111111111111000000000000
0000000000000000000000000000000011111111111111111111111111111111111111111111111111111111100000000000000000
0000000000000000000000000000000011111111111111111111111111111111111111111111111111111111100000000000000000
0000000000000000000000000000000011111111111111111111111111111111111111111111111111111111000000000000000000
0000000000000000000000000000000011111111111111111111111111111111111111111111111111111110000000000000000000
0000000000000000000000000000000011111111111111111111111111111111111111111111111111111100000000000000000000
0000000000000000000000000000000000000000000000000000000000000000000000000000000000000000000000000010000000
0000000001111111000000000000000011111111111111111111111111111111111111111111111111110000000000000010000000
0000000001111111000000000000000011111111111111111111111111111111111111111111111111110000000000000100000000
0000000001111111000000000000000011111111111111111111111111111111111111111111111111100000000000001000000000
0000000001111111000000000000000011111111111111111111111111111111111111111111100000000000000000010001000000
0000000001111111000000000000000011111111111111111111111111111111111111111111000000000000111111100001000000
0000000000000000000000000000000011111111111111111111111111111111111111111110000000000000000000000000010000
0000000000000000000000000000000011111111111111111111111111111111111111111100000000000000000000000000000000
0000000001000001000000000000000011111111111111111111111111111111111111110000000000000000000000000000000000
0000000000100010000000000000000011111111111111111111111111111101100000000000000000000000000000000000000000
0000000000010100000000000000000011111111111111111111111111111000000000000000000000000111111111100000000000
0000000000001000000000000000000011111111111111111111111111100000000000000000000111111110000000000000000000
0000000000010100000000000000000011111111111111111111111111000000000000000001111100000000000000000000000000
0000000000100100000000000000000111111111111111111111100000000000000000000110000000000000000000000000000000
0000000001000010000000000000000011111111111111111100000000000000000000000000000000000000000000000000000000
0000000000000000000000000000000001111111111000000000000000000000000000000000000000000000000000000000000000